1050536 1105937 9
1050536 1105937 11
1050536 909341 7
1050536 401462 7
1050536 65619 9
1050536 204931 7
1050536 1130589 15
1050536 835689 9
1050536 557068 9
1050536 1105976 9
1050536 1130589 9
1050536 835689 11
1050536 483374 5
1050536 704619 7
1050536 548868 7
1050536 786443 3
1050536 1130589 11
1050536 565294 7
1050536 835689 15
1050536 1040420 7
1050536 483374 3
1050536 892941 9
1050536 630825 9
1050536 852041 7
1050536 401534 9
1050536 892941 11
1050536 483374 19
1050536 630792 11
1050536 1089573 7
1050536 401534 11
1050536 630792 9
1050536 7 7
