1013153 262186 9
1013153 1048577 9
1013153 15 9
1013153 655396 15
1013153 12 9
1013153 524309 9
1013153 262186 11
1013153 1048577 11
1013153 20 15
1013153 655376 11
1013153 393268 9
1013153 655396 11
1013153 1048592 9
1013153 262186 15
1013153 1048577 15
1013153 786485 11
1013153 262180 9
1013153 655376 15
1013153 20 11
1013153 20 9
1013153 393245 9
1013153 393250 9
1013153 786439 9
1013153 393220 9
1013153 131110 15
1013153 786485 15
1013153 131110 9
1013153 786485 9
1013153 131110 11
1013153 393267 9
1013153 655388 9
1013153 524299 9
