915552 65538 9
915552 983048 8
915552 98313 5
915552 524298 3
915552 753685 5
915552 458765 3
915552 983048 5
915552 98313 8
915552 524298 5
915552 983048 3
915552 16 7
915552 458765 8
915552 262162 3
915552 622602 9
915552 262162 17
915552 753685 3
915552 983053 9
915552 524298 8
915552 983048 17
915552 327695 3
915552 262162 5
915552 819207 8
915552 98313 17
915552 458765 5
915552 819207 5
915552 1048587 9
915552 524298 17
915552 458765 17
915552 98313 3
915552 262162 8
915552 819207 17
915552 819207 3
