1016145 1056788 7
1016145 581649 7
1016145 1130498 11
1016145 983040 7
1016145 860193 7
1016145 622608 7
1016145 112649 3
1016145 940045 7
1016145 69642 7
1016145 272411 7
1016145 112649 5
1016145 112649 19
1016145 143389 7
1016145 29 7
1016145 112649 4
1016145 1101836 7
1016145 839686 7
1016145 116745 9
1016145 1058841 7
1016145 737288 7
1016145 397344 11
1016145 403481 9
1016145 176158 9
1016145 753683 7
1016145 989208 7
1016145 90136 7
1016145 397344 9
1016145 403481 11
1016145 176158 11
1016145 843791 7
1016145 1142788 7
1016145 1130498 9
