1025026 196664 7
1025026 163903 7
1025026 884749 3
1025026 35 20
1025026 819227 9
1025026 262170 3
1025026 819227 11
1025026 589843 3
1025026 163895 3
1025026 262170 19
1025026 622605 7
1025026 163895 5
1025026 819206 19
1025026 163895 19
1025026 819206 5
1025026 35 0
1025026 35 19
1025026 262170 5
1025026 819206 3
1025026 229381 3
1025026 35 3
1025026 229381 20
1025026 360515 0
1025026 98314 11
1025026 229381 4
1025026 98314 9
1025026 229381 5
1025026 1081355 3
1025026 753729 9
1025026 163895 13
1025026 98314 15
1025026 819227 15
