757500 163895 19
757500 917514 25
757500 37 9
757500 917514 14
757500 1114137 5
757500 458755 7
757500 163895 20
757500 819224 11
757500 917514 10
757500 1015831 7
757500 229393 9
757500 458755 2
757500 1114137 1
757500 59 7
757500 851975 7
757500 1114137 3
757500 819224 15
757500 622605 7
757500 622612 9
757500 1114137 19
757500 163903 7
757500 262171 7
757500 1146926 9
757500 786473 9
757500 360463 2
757500 917514 18
757500 131076 9
757500 327716 7
757500 163895 3
757500 524361 7
757500 163895 0
757500 524359 7
