981524 426008 7
981524 1081410 15
981524 131119 11
981524 107 19
981524 589939 11
981524 98314 15
981524 557064 7
981524 1114112 15
981524 622611 7
981524 98329 7
981524 1081410 11
981524 131119 15
981524 229456 11
981524 98314 11
981524 48 7
981524 59 7
981524 1146956 15
981524 622599 7
981524 229456 15
981524 1015820 20
981524 163903 7
981524 1015820 19
981524 1146956 11
981524 1146918 19
981524 131134 11
981524 852080 7
981524 589939 15
981524 1146918 20
981524 107 20
981524 131123 7
981524 1114112 11
981524 131134 15
