694771 1118252 9
694771 725053 7
694771 55368 9
694771 827412 9
694771 174098 7
694771 868397 7
694771 1058847 7
694771 356408 3
694771 944160 9
694771 20512 9
694771 124930 7
694771 833538 7
694771 51 9
694771 20512 11
694771 1013804 7
694771 127040 7
694771 716827 7
694771 333874 7
694771 1142834 7
694771 421939 11
694771 51 11
694771 714757 7
694771 102405 7
694771 184334 7
694771 774178 7
694771 20512 15
694771 735265 16
694771 1089576 7
694771 133179 7
694771 571415 7
694771 444428 20
694771 940090 7
