1138178 163903 7
1138178 696383 7
1138178 434244 7
1138178 73819 7
1138178 180265 9
1138178 32853 7
1138178 860182 7
1138178 65610 11
1138178 1015831 7
1138178 188463 9
1138178 737286 7
1138178 999437 7
1138178 16462 7
1138178 851975 7
1138178 401425 7
1138178 876561 7
1138178 90178 7
1138178 65610 15
1138178 1130585 7
1138178 81965 7
1138178 843808 7
1138178 524361 7
1138178 843801 11
1138178 376890 7
1138178 843801 9
1138178 507991 7
1138178 180265 15
1138178 59 7
1138178 606261 7
1138178 196698 7
1138178 303156 9
1138178 180265 11
