235109 868383 7
235109 876637 9
235109 237593 7
235109 311383 7
235109 24656 9
235109 32841 9
235109 344134 9
235109 69 7
235109 32841 11
235109 262218 7
235109 311370 7
235109 802828 7
235109 950362 7
235109 548913 7
235109 188463 9
235109 524316 7
235109 942108 7
235109 811056 7
235109 253969 7
235109 1138752 15
235109 679977 7
235109 270345 7
235109 278606 9
235109 786478 7
235109 892938 7
235109 163903 7
235109 57401 7
235109 1138752 11
235109 1040466 7
235109 966665 7
235109 114779 3
235109 335886 7
