429138 100392 7
429138 989235 9
429138 188463 9
429138 192559 9
429138 178223 9
429138 989235 11
429138 1161266 7
429138 161827 7
429138 192559 11
429138 178223 11
429138 831506 11
429138 106504 9
429138 1112080 7
429138 1122357 11
429138 950282 7
429138 305203 7
429138 831506 9
429138 282625 7
429138 106504 11
429138 1122357 9
429138 327712 7
429138 905258 7
429138 1110030 7
429138 249881 11
429138 436232 7
429138 870415 7
429138 710711 9
429138 249881 9
429138 376869 7
429138 938002 7
429138 358412 7
429138 698421 7
