113197 32799 13
113197 458753 19
113197 196642 19
113197 294928 19
113197 753674 0
113197 917537 0
113197 917537 3
113197 917537 17
113197 98340 0
113197 294928 3
113197 98340 19
113197 753674 3
113197 294928 0
113197 753674 17
113197 32799 5
113197 622605 7
113197 32799 3
113197 360456 5
113197 131100 17
113197 131100 3
113197 131100 0
113197 360456 3
113197 32799 0
113197 360456 0
113197 196642 0
113197 917537 5
113197 458753 0
113197 360456 17
113197 458753 3
113197 131100 5
113197 753674 5
113197 196642 3
