545701 1138728 12
545701 335873 23
545701 360504 12
545701 598032 23
545701 991235 12
545701 1040392 12
545701 393263 23
545701 917540 23
545701 1032198 12
545701 942086 12
545701 770084 23
545701 426030 23
545701 974868 23
545701 409639 12
545701 1056780 12
545701 1138728 23
545701 573455 23
545701 90155 12
545701 409639 23
545701 1114126 23
545701 180243 23
545701 426030 12
545701 917540 12
545701 770084 12
545701 991235 23
545701 393263 12
545701 1040392 23
545701 409611 12
545701 573492 12
545701 1114126 12
545701 90155 23
545701 1056780 23
