187482 196633 13
187482 557071 3
187482 884783 17
187482 983077 19
187482 884783 0
187482 557071 5
187482 884783 3
187482 458802 3
187482 786465 5
187482 884783 5
187482 360455 0
187482 786465 3
187482 819227 15
187482 458802 0
187482 360455 1
187482 786465 0
187482 557060 17
187482 819227 9
187482 360455 3
187482 524304 4
187482 622605 7
187482 360455 4
187482 819227 11
187482 557060 0
187482 524304 1
187482 786465 13
187482 557060 3
187482 557071 17
187482 524304 0
187482 557071 0
187482 524304 3
187482 557060 5
