876053 753718 3
876053 753718 17
876053 393275 3
876053 131081 19
876053 753718 5
876053 622630 3
876053 458763 8
876053 655403 17
876053 655403 3
876053 1146931 8
876053 131081 3
876053 622630 5
876053 753718 8
876053 458763 17
876053 622630 8
876053 458763 3
876053 524329 9
876053 393237 3
876053 393237 17
876053 655403 5
876053 524341 9
876053 524329 11
876053 393237 5
876053 1146931 3
876053 16 7
876053 458763 5
876053 1146931 17
876053 393237 8
876053 655403 8
876053 622630 17
876053 131081 5
876053 1146931 5
