444542 917505 5
444542 1048576 13
444542 131072 13
444542 655364 8
444542 262161 5
444542 917505 8
444542 917509 13
444542 1048589 5
444542 786435 3
444542 262161 8
444542 1048589 3
444542 655364 5
444542 917509 8
444542 786435 5
444542 917505 13
444542 1048576 3
444542 131072 3
444542 786435 8
444542 262161 13
444542 1048576 5
444542 131072 5
444542 917505 3
444542 655364 3
444542 917509 5
444542 1048589 13
444542 262161 3
444542 655364 13
444542 786435 13
444542 1048576 8
444542 131072 8
444542 917509 3
444542 1048589 8
