145379 131117 3
145379 262189 3
145379 393249 9
145379 655413 5
145379 393241 19
145379 393241 5
145379 262154 3
145379 131117 19
145379 262189 19
145379 49 9
145379 655409 9
145379 393241 3
145379 262154 19
145379 524301 3
145379 131117 5
145379 262189 5
145379 524301 19
145379 262154 5
145379 131117 22
145379 262189 22
145379 655413 19
145379 524301 5
145379 524301 22
145379 1048584 3
145379 655413 3
145379 1048584 5
145379 262201 19
145379 1048584 19
145379 655413 22
145379 262184 9
145379 262164 9
145379 262201 3
