148442 786491 11
148442 163898 7
148442 1114150 7
148442 360487 7
148442 524330 7
148442 458794 7
148442 524291 9
148442 524293 7
148442 1015816 7
148442 524291 11
148442 1015823 7
148442 1081387 7
148442 950300 7
148442 950277 11
148442 1114158 7
148442 294958 20
148442 294958 19
148442 950277 9
148442 753721 7
148442 163843 7
148442 294958 3
148442 360465 7
148442 524305 7
148442 557100 7
148442 163866 7
148442 393246 11
148442 1114119 7
148442 393246 9
148442 786491 9
148442 589834 7
148442 426001 7
148442 950292 7
