589911 622607 19
589911 983046 5
589911 32791 13
589911 622607 3
589911 819216 5
589911 360461 5
589911 262179 5
589911 622607 5
589911 360461 3
589911 98330 5
589911 262179 19
589911 98330 3
589911 360461 19
589911 131074 13
589911 32791 3
589911 819216 3
589911 262179 3
589911 98330 19
589911 32791 5
589911 32791 19
589911 819216 19
589911 983046 19
589911 983046 13
589911 622607 13
589911 819216 13
589911 98330 13
589911 360461 13
589911 983046 3
589911 262179 13
589911 131074 19
589911 131074 5
589911 131074 3
