305424 237626 11
305424 1169419 15
305424 704556 7
305424 364588 7
305424 485497 7
305424 307318 9
305424 882727 5
305424 292866 11
305424 1085546 9
305424 882727 3
305424 116745 9
305424 585799 7
305424 444531 9
305424 1110118 7
305424 882727 19
305424 397344 11
305424 356383 7
305424 850001 9
305424 1140793 7
305424 397344 9
305424 850001 11
305424 905288 7
305424 970824 7
305424 698460 11
305424 698460 9
305424 163903 7
305424 817246 7
305424 1169419 11
305424 850001 15
305424 276523 7
305424 698460 15
305424 1169419 9
