684176 1081368 13
684176 819227 11
684176 622605 7
684176 344089 19
684176 737284 3
684176 729091 7
684176 450575 11
684176 819227 9
684176 155654 13
684176 344089 3
684176 450575 9
684176 819227 15
684176 344089 5
684176 147482 0
684176 589850 3
684176 892936 3
684176 933898 7
684176 270359 15
684176 98314 9
684176 1040397 9
684176 573461 7
684176 98314 11
684176 876548 9
684176 761860 9
684176 466956 19
684176 270359 11
684176 8208 20
684176 8208 19
684176 450575 15
684176 270359 9
684176 98314 15
684176 8208 3
