789507 237583 19
789507 40973 3
789507 1114125 3
789507 237583 13
789507 704532 7
789507 40973 1
789507 491560 9
789507 40973 19
789507 450562 13
789507 483374 5
789507 409604 3
789507 802817 19
789507 491560 11
789507 204816 24
789507 483374 3
789507 819236 1
789507 802817 3
789507 450562 3
789507 483374 19
789507 819236 3
789507 802817 1
789507 450562 1
789507 450562 19
789507 819236 19
789507 1146907 19
789507 958478 9
789507 1163267 13
789507 1146907 3
789507 802817 13
789507 532517 3
789507 237583 3
789507 1146907 5
