954492 1048592 9
954492 786436 7
954492 655371 17
954492 655371 3
954492 131074 17
954492 655376 15
954492 524309 9
954492 131074 3
954492 655365 9
954492 20 15
954492 655388 9
954492 655371 5
954492 15 9
954492 1048577 15
954492 12 9
954492 786442 5
954492 1048577 9
954492 20 11
954492 524299 9
954492 786442 17
954492 393245 9
954492 1048577 11
954492 20 9
954492 262171 7
954492 786442 19
954492 393220 9
954492 131074 8
954492 786442 3
954492 655376 11
954492 655371 19
954492 786439 9
954492 131074 5
