215632 753706 3
215632 131158 3
215632 65625 19
215632 655431 3
215632 753706 19
215632 360476 19
215632 65625 3
215632 655431 19
215632 491569 19
215632 327754 3
215632 491610 19
215632 360476 3
215632 360538 19
215632 327782 19
215632 163903 7
215632 491569 3
215632 327754 19
215632 491610 3
215632 360538 3
215632 917554 19
215632 589912 3
215632 917554 3
215632 360496 19
215632 32860 19
215632 589912 19
215632 360496 3
215632 32860 3
215632 1146909 19
215632 688169 3
215632 1146909 3
215632 131158 19
215632 688169 19
