196635 163903 7
196635 524360 19
196635 819227 9
196635 819227 11
196635 1015831 7
196635 59 7
196635 360496 3
196635 360496 4
196635 851975 7
196635 65601 13
196635 360496 5
196635 393217 19
196635 393217 5
196635 393234 3
196635 819227 15
196635 360496 20
196635 393217 3
196635 393234 19
196635 196681 3
196635 425996 5
196635 1114148 3
196635 393234 17
196635 425996 17
196635 196681 19
196635 1048643 19
196635 393234 5
196635 425996 19
196635 196681 17
196635 983110 11
196635 425996 3
196635 983110 9
196635 983110 6
