218864 950287 19
218864 516135 3
218864 409616 5
218864 483374 5
218864 409616 4
218864 409616 17
218864 409616 3
218864 786451 17
218864 786451 3
218864 630809 19
218864 65556 19
218864 24613 4
218864 516135 17
218864 24613 5
218864 188459 3
218864 483374 3
218864 786451 4
218864 163903 7
218864 786451 5
218864 483374 19
218864 761916 19
218864 172044 13
218864 1040440 19
218864 188459 17
218864 24613 3
218864 188459 4
218864 24613 17
218864 188459 5
218864 581646 19
218864 516135 4
218864 999445 19
218864 516135 5
