745444 827417 9
745444 172032 15
745444 647180 11
745444 122897 2
745444 819225 11
745444 647180 9
745444 819225 6
745444 819227 15
745444 417800 11
745444 573452 7
745444 983071 9
745444 1056790 9
745444 417800 9
745444 712715 19
745444 114711 7
745444 819227 11
745444 1056790 11
745444 819227 9
745444 819227 6
745444 712715 5
745444 909319 9
745444 204805 16
745444 1056790 15
745444 172032 11
745444 647180 15
745444 712715 3
745444 729099 3
745444 622592 9
745444 172032 9
745444 827412 9
745444 729099 19
745444 778264 16
