677631 376841 17
677631 376841 5
677631 598040 4
677631 376841 4
677631 983042 4
677631 598040 5
677631 40985 5
677631 983042 5
677631 40985 4
677631 598040 17
677631 73756 3
677631 983042 3
677631 999445 19
677631 1138706 5
677631 73756 4
677631 73756 5
677631 155665 17
677631 155665 3
677631 1138706 3
677631 950287 19
677631 598040 3
677631 1138706 0
677631 983042 17
677631 581646 19
677631 65556 19
677631 376841 3
677631 630809 19
677631 155665 5
677631 1138706 13
677631 155665 4
677631 40985 17
677631 40985 3
