659904 53262 11
659904 1161228 5
659904 448536 9
659904 362514 9
659904 716805 15
659904 487429 15
659904 276488 9
659904 362514 11
659904 892930 9
659904 487429 9
659904 716805 9
659904 892930 11
659904 487429 11
659904 716805 11
659904 770067 9
659904 555015 15
659904 892930 15
659904 432138 7
659904 878602 7
659904 1161228 19
659904 1050647 11
659904 1161228 3
659904 1050647 9
659904 555015 11
659904 292875 7
659904 565264 3
659904 1067012 9
659904 555015 9
659904 53262 9
659904 565264 20
659904 217105 9
659904 565264 19
