469061 382032 15
469061 357464 7
469061 326699 7
469061 12300 9
469061 382032 11
469061 569949 9
469061 653832 9
469061 974434 7
469061 757273 7
469061 936035 11
469061 822325 7
469061 37479 9
469061 740937 9
469061 936035 9
469061 391287 9
469061 347688 9
469061 1063526 7
469061 936035 15
469061 815646 9
469061 201847 7
469061 400932 11
469061 981622 7
469061 1081921 15
469061 473627 3
469061 534022 6
469061 400932 9
469061 887814 7
469061 1081921 9
469061 767048 7
469061 982546 3
469061 1081921 11
469061 878669 7
