1146383 139308 6
1146383 327746 7
1146383 303151 2
1146383 630825 9
1146383 163903 7
1146383 786495 7
1146383 1105934 7
1146383 90121 2
1146383 303151 7
1146383 860230 7
1146383 876592 7
1146383 139308 9
1146383 1089612 7
1146383 376894 7
1146383 196640 6
1146383 827412 9
1146383 983072 7
1146383 876592 2
1146383 188463 9
1146383 1081396 7
1146383 974924 9
1146383 770083 7
1146383 16436 9
1146383 41001 7
1146383 974924 11
1146383 16436 11
1146383 770104 7
1146383 57378 7
1146383 573479 7
1146383 507965 7
1146383 770104 2
1146383 16436 15
