781820 704547 7
781820 98319 7
781820 188463 9
781820 32790 7
781820 41001 7
781820 139308 9
781820 417835 11
781820 221195 15
781820 942105 7
781820 417835 9
781820 884778 7
781820 466995 15
781820 221195 11
781820 303151 2
781820 221195 9
781820 90121 2
781820 1081396 7
781820 622605 7
781820 827412 9
781820 466995 11
781820 270359 11
781820 229399 11
781820 630825 9
781820 466995 9
781820 303151 7
781820 229399 9
781820 270359 9
781820 57378 7
781820 229399 15
781820 270359 15
781820 368671 7
781820 1089576 7
