581548 524321 11
581548 32 7
581548 131099 7
581548 131204 7
581548 393348 7
581548 131174 7
581548 393305 7
581548 917634 7
581548 655490 7
581548 393358 13
581548 524405 9
581548 786453 7
581548 95 13
581548 786522 7
581548 786563 7
581548 524405 11
581548 524363 7
581548 917528 7
581548 1048600 7
581548 131124 7
581548 393279 7
581548 94 7
581548 524295 7
581548 131079 7
581548 262198 7
581548 393311 7
581548 262272 7
581548 917532 7
581548 524414 7
581548 524321 9
581548 917520 7
581548 131127 7
