789081 524290 0
789081 524290 19
789081 524290 20
789081 524290 3
789081 917525 20
789081 262158 20
789081 524302 20
789081 917525 0
789081 21 0
789081 131075 5
789081 917525 3
789081 21 3
789081 131075 3
789081 917525 19
789081 1048580 19
789081 262158 0
789081 524302 0
789081 786441 19
789081 917513 19
789081 917518 19
789081 262158 19
789081 131075 0
789081 524302 19
789081 917513 0
789081 131075 17
789081 1048580 3
789081 786441 3
789081 917513 3
789081 917518 3
789081 262158 3
789081 917513 20
789081 524302 3
