639689 622642 9
639689 491568 2
639689 950302 9
639689 80 7
639689 884807 7
639689 622642 11
639689 950302 11
639689 393269 2
639689 426023 2
639689 131149 2
639689 1048581 2
639689 655420 11
639689 917580 2
639689 950302 6
639689 294973 7
639689 622642 15
639689 131089 7
639689 1114142 7
639689 98367 9
639689 655420 9
639689 655420 6
639689 557068 9
639689 720953 7
639689 688203 11
639689 786443 3
639689 688203 9
639689 65616 2
639689 327768 11
639689 622677 2
639689 327768 9
639689 688203 6
639689 327686 2
