779386 557074 19
779386 557074 0
779386 1081372 19
779386 65587 7
779386 950331 15
779386 557105 11
779386 294925 19
779386 851989 11
779386 950331 9
779386 557105 9
779386 1081372 20
779386 851989 9
779386 426036 3
779386 524297 7
779386 294925 3
779386 589870 3
779386 950331 11
779386 294925 0
779386 458798 13
779386 851989 15
779386 852021 3
779386 622605 7
779386 59 7
779386 1015831 7
779386 1048583 7
779386 32771 3
779386 851975 7
779386 720941 9
779386 1081372 0
779386 557074 3
779386 1081372 3
779386 819234 7
