635308 24608 7
635308 884807 7
635308 786436 7
635308 385130 11
635308 1081394 9
635308 589836 15
635308 901206 9
635308 688183 11
635308 696412 7
635308 139290 9
635308 1146918 3
635308 1146909 17
635308 589836 11
635308 1146909 0
635308 139290 11
635308 688183 15
635308 1146918 5
635308 163903 7
635308 1146918 19
635308 1114203 7
635308 417800 11
635308 532537 11
635308 434267 7
635308 1089576 7
635308 1146909 3
635308 417800 9
635308 1146918 20
635308 114711 7
635308 188463 9
635308 1048593 9
635308 1146909 5
635308 376927 7
