667229 876556 11
667229 606235 11
667229 868390 7
667229 876556 9
667229 802837 9
667229 720906 7
667229 606235 9
667229 802837 11
667229 860185 7
667229 450590 7
667229 581669 7
667229 974850 9
667229 229395 7
667229 491537 9
667229 974850 11
667229 933891 7
667229 491537 11
667229 188445 7
667229 1024018 7
667229 245764 11
667229 778242 7
667229 1130524 7
667229 950300 7
667229 245764 9
667229 524291 11
667229 1114119 7
667229 223070 7
667229 860172 7
667229 409627 7
667229 524291 9
667229 761877 7
667229 1032203 7
