896414 491578 7
896414 1114119 7
896414 950277 11
896414 1114174 9
896414 589930 9
896414 950277 9
896414 819296 7
896414 786491 9
896414 294958 3
896414 655487 7
896414 950292 7
896414 524291 9
896414 983117 7
896414 360545 7
896414 524293 7
896414 294958 19
896414 1015823 7
896414 524291 11
896414 753768 7
896414 655464 7
896414 1114170 11
896414 393246 11
896414 1114170 9
896414 524305 7
896414 426001 7
896414 950300 7
896414 294958 20
896414 163903 7
896414 393246 9
896414 98388 7
896414 524330 7
896414 983104 7
