949521 131113 3
949521 753699 11
949521 196613 5
949521 59 7
949521 131113 5
949521 131113 19
949521 753729 9
949521 98314 15
949521 327756 9
949521 491552 8
949521 163895 5
949521 819227 15
949521 1048654 19
949521 196613 3
949521 196613 17
949521 819227 11
949521 491552 3
949521 327716 7
949521 589850 3
949521 819227 9
949521 163903 7
949521 622605 7
949521 491552 19
949521 753699 15
949521 1081368 13
949521 163895 19
949521 163895 13
949521 98314 9
949521 196613 8
949521 163895 3
949521 491552 5
949521 98314 11
