343069 1130503 9
343069 1081378 9
343069 622605 7
343069 1114174 9
343069 98359 9
343069 983044 9
343069 483353 15
343069 450582 7
343069 598095 9
343069 65602 9
343069 483353 9
343069 368647 20
343069 630859 9
343069 704519 19
343069 704519 5
343069 311296 9
343069 483353 11
343069 704519 3
343069 344121 9
343069 352287 9
343069 344121 11
343069 368671 7
343069 114713 7
343069 254023 7
343069 376912 9
343069 1155148 7
343069 16454 7
343069 770057 7
343069 262153 7
343069 655390 9
343069 442391 9
343069 557057 9
