1003134 1048584 5
1003134 1048584 19
1003134 17 5
1003134 524307 0
1003134 19 0
1003134 1048595 0
1003134 524307 19
1003134 19 19
1003134 524302 3
1003134 524307 3
1003134 19 3
1003134 1048576 0
1003134 1048595 3
1003134 1048576 3
1003134 524288 3
1003134 524307 5
1003134 19 5
1003134 1048576 5
1003134 1048576 19
1003134 1048580 0
1003134 524290 3
1003134 524306 5
1003134 17 19
1003134 1048580 3
1003134 524306 3
1003134 17 3
1003134 1048580 19
1003134 17 0
1003134 1048584 0
1003134 524306 19
1003134 1048584 3
1003134 524306 0
