1009747 235531 9
1009747 329734 9
1009747 36932 11
1009747 905288 7
1009747 573562 7
1009747 286844 9
1009747 180295 9
1009747 163903 7
1009747 47223 7
1009747 286821 9
1009747 55368 9
1009747 448608 7
1009747 483466 9
1009747 239738 11
1009747 440407 7
1009747 405584 7
1009747 239738 9
1009747 1058938 9
1009747 794664 9
1009747 385130 11
1009747 794664 11
1009747 12386 7
1009747 362586 9
1009747 718984 9
1009747 673859 7
1009747 977041 9
1009747 36932 15
1009747 39001 7
1009747 794664 15
1009747 36932 9
1009747 188463 9
1009747 510066 9
