491945 360559 7
491945 1105992 9
491945 319558 9
491945 565338 3
491945 786503 3
491945 213014 7
491945 901206 9
491945 688187 3
491945 532582 15
491945 442416 11
491945 335895 9
491945 417903 11
491945 32914 7
491945 786482 3
491945 57453 7
491945 786436 7
491945 1015863 11
491945 532582 11
491945 442416 15
491945 884828 7
491945 24688 7
491945 573562 7
491945 688231 7
491945 1155079 3
491945 1147008 7
491945 32908 9
491945 65680 7
491945 450609 7
491945 983144 7
491945 991367 7
491945 24608 7
491945 139392 9
