793281 483374 19
793281 188463 9
793281 278534 7
793281 6 7
793281 925738 7
793281 483374 3
793281 761895 7
793281 270375 7
793281 1048597 7
793281 499751 7
793281 475143 11
793281 827412 9
793281 901155 9
793281 860201 7
793281 516134 7
793281 475143 9
793281 565263 7
793281 376869 7
793281 1032208 7
793281 933899 11
793281 1064977 9
793281 483374 20
793281 352284 9
793281 933899 9
793281 1064977 11
793281 778241 9
793281 483374 5
793281 778241 11
793281 426010 9
793281 483335 7
793281 401451 9
793281 581654 7
