272194 131086 13
272194 131072 3
272194 393227 7
272194 131072 13
272194 1048603 3
272194 393223 13
272194 262151 13
272194 917534 19
272194 655366 13
272194 393227 2
272194 1048603 13
272194 1048603 19
272194 1048584 19
272194 917532 7
272194 786445 2
272194 262154 13
272194 1048584 3
272194 393219 7
272194 262154 19
272194 8 2
272194 131094 7
272194 393241 3
272194 1048584 13
272194 262154 3
272194 786445 7
272194 393241 19
272194 655366 19
272194 131072 19
272194 131094 2
272194 917529 13
272194 655366 3
272194 393241 13
