564390 811041 19
564390 294919 19
564390 925705 20
564390 262146 3
564390 335907 13
564390 57365 20
564390 1015814 13
564390 335907 0
564390 57365 19
564390 679940 13
564390 368671 7
564390 57365 3
564390 335907 3
564390 1146921 0
564390 57365 0
564390 1146921 19
564390 712744 9
564390 335907 19
564390 163871 3
564390 876558 13
564390 925705 3
564390 294919 20
564390 925705 0
564390 811041 13
564390 294919 0
564390 925705 19
564390 475155 3
564390 213011 3
564390 811041 3
564390 811041 0
564390 98343 13
564390 294919 3
