940541 303156 9
940541 204811 9
940541 65610 11
940541 81965 7
940541 98377 9
940541 827412 9
940541 180265 15
940541 999437 7
940541 59 7
940541 1065019 7
940541 1015831 7
940541 606261 7
940541 180265 9
940541 876561 7
940541 401425 7
940541 860182 7
940541 434244 7
940541 843808 7
940541 851975 7
940541 180265 11
940541 843801 9
940541 376890 7
940541 737286 7
940541 524361 7
940541 843801 11
940541 163903 7
940541 696383 7
940541 188463 9
940541 368687 7
940541 892944 3
940541 90178 7
940541 65610 15
