392902 385076 7
392902 792586 9
392902 241665 7
392902 24608 7
392902 942111 7
392902 837642 7
392902 79884 7
392902 18448 9
392902 880646 7
392902 765978 7
392902 397344 9
392902 174107 7
392902 948246 7
392902 720904 7
392902 577544 7
392902 225287 7
392902 397344 11
392902 798764 7
392902 411692 7
392902 575531 7
392902 862232 7
392902 814529 7
392902 579607 7
392902 522288 11
392902 786436 7
392902 231427 7
392902 714755 7
392902 692242 7
392902 188463 9
392902 71694 7
392902 165888 7
392902 792586 11
