480374 122885 7
480374 1015922 11
480374 270359 15
480374 368671 7
480374 647263 9
480374 475222 11
480374 1015922 9
480374 270359 9
480374 1064983 9
480374 614426 7
480374 475222 9
480374 270359 11
480374 532553 7
480374 163903 7
480374 344161 7
480374 827412 9
480374 475222 15
480374 1064983 7
480374 786550 9
480374 811126 9
480374 1122363 7
480374 622605 7
480374 884778 7
480374 73845 7
480374 507965 7
480374 581668 9
480374 229472 7
480374 1056873 9
480374 1089612 7
480374 991253 7
480374 1155148 7
480374 188463 9
