1076424 1048584 5
1076424 524331 19
1076424 262154 5
1076424 262154 19
1076424 262170 3
1076424 786436 7
1076424 1048584 3
1076424 1048603 19
1076424 917534 19
1076424 1048598 9
1076424 1048584 19
1076424 1048603 3
1076424 917534 3
1076424 917536 19
1076424 917536 5
1076424 262154 3
1076424 393249 9
1076424 262184 9
1076424 917536 3
1076424 262179 3
1076424 131072 19
1076424 131072 5
1076424 262164 9
1076424 262179 19
1076424 1048603 5
1076424 131072 3
1076424 393241 19
1076424 262179 5
1076424 393241 3
1076424 262170 19
1076424 917534 5
1076424 393241 5
