618136 1114127 7
618136 950282 7
618136 589888 3
618136 327718 15
618136 426029 3
618136 32829 19
618136 720973 7
618136 163903 7
618136 196655 9
618136 327718 9
618136 884741 7
618136 163915 9
618136 327718 11
618136 688231 7
618136 852023 9
618136 1146968 15
618136 76 13
618136 1114174 9
618136 32829 5
618136 163864 7
618136 655453 9
618136 32829 20
618136 426029 4
618136 229495 13
618136 426029 5
618136 1146968 11
618136 688142 7
618136 786544 9
618136 74 11
618136 1146968 9
618136 426029 0
618136 32829 3
