252867 65553 3
252867 1048594 17
252867 1048594 3
252867 458759 19
252867 1048594 0
252867 950293 19
252867 65553 1
252867 65553 0
252867 622601 3
252867 1048594 5
252867 688147 13
252867 229392 0
252867 294932 5
252867 294925 3
252867 294932 17
252867 131088 3
252867 688135 4
252867 294932 0
252867 294925 0
252867 622605 7
252867 294925 17
252867 688147 0
252867 688135 1
252867 688147 3
252867 294932 3
252867 294925 5
252867 688135 0
252867 458759 0
252867 688135 3
252867 458759 3
252867 688147 5
252867 65553 4
