766773 983092 23
766773 630786 23
766773 557136 23
766773 876585 23
766773 827404 23
766773 442421 12
766773 753682 23
766773 32786 23
766773 254044 12
766773 270337 23
766773 630785 23
766773 81979 12
766773 1015869 23
766773 753682 12
766773 32786 12
766773 893022 23
766773 1089588 12
766773 983092 12
766773 557136 12
766773 630786 12
766773 1114155 23
766773 1122363 7
766773 794640 23
766773 876585 12
766773 114729 12
766773 893022 12
766773 81979 23
766773 254044 23
766773 270337 12
766773 98305 12
766773 434189 23
766773 114729 23
