543320 295016 7
543320 1146940 7
543320 458850 11
543320 294926 11
543320 204891 7
543320 475149 7
543320 450573 7
543320 1097808 7
543320 1073232 7
543320 507965 7
543320 630858 9
543320 450573 2
543320 57378 7
543320 147476 7
543320 860230 7
543320 630858 11
543320 1089612 7
543320 41001 7
543320 1081396 7
543320 139308 9
543320 163903 7
543320 188463 9
543320 827412 9
543320 548900 7
543320 647263 9
543320 901206 9
543320 630825 9
543320 24660 7
543320 196614 7
543320 294926 15
543320 262233 9
543320 294926 9
