932513 497681 11
932513 106519 7
932513 278571 3
932513 20512 11
932513 469036 7
932513 118805 9
932513 20512 9
932513 501788 7
932513 118805 11
932513 317465 7
932513 497681 15
932513 20512 15
932513 483374 20
932513 337965 9
932513 1009704 11
932513 827412 9
932513 1132552 7
932513 489476 11
932513 483374 5
932513 833538 7
932513 1009704 9
932513 389144 11
932513 489476 9
932513 1009704 15
932513 966671 7
932513 389144 9
932513 483374 19
932513 389144 15
932513 497681 9
932513 483374 3
932513 512039 7
932513 141323 9
