979016 262163 7
979016 1048656 7
979016 655385 7
979016 262148 7
979016 1048647 7
979016 393217 3
979016 38 20
979016 131132 7
979016 393217 19
979016 38 3
979016 917538 7
979016 917516 7
979016 786448 7
979016 38 19
979016 262194 7
979016 1048648 3
979016 262168 11
979016 786460 7
979016 786518 9
979016 917511 7
979016 655366 3
979016 1048648 19
979016 262168 9
979016 1048627 7
979016 786518 11
979016 393285 7
979016 655366 13
979016 655366 19
979016 393217 13
979016 131090 7
979016 1048648 13
979016 655412 7
