211018 163864 7
211018 65574 9
211018 983066 9
211018 1146914 9
211018 524326 7
211018 917543 7
211018 852006 19
211018 852006 5
211018 1081375 9
211018 557087 9
211018 622605 7
211018 1114152 9
211018 1081384 9
211018 491532 9
211018 852006 3
211018 1 9
211018 1015851 7
211018 950282 7
211018 1114130 9
211018 196643 9
211018 655368 9
211018 655384 9
211018 950314 9
211018 950313 9
211018 655373 9
211018 425997 9
211018 524317 11
211018 950275 9
211018 819205 7
211018 917552 9
211018 524317 9
211018 393235 9
