440212 131087 5
440212 786447 5
440212 262169 5
440212 524306 3
440212 131080 5
440212 19 5
440212 1048595 5
440212 524307 5
440212 524306 13
440212 131087 8
440212 786447 8
440212 19 3
440212 1048595 3
440212 524307 3
440212 262169 3
440212 524306 8
440212 131087 13
440212 786447 13
440212 131080 8
440212 262169 13
440212 19 13
440212 1048595 13
440212 131087 3
440212 786447 3
440212 524307 13
440212 131080 13
440212 262169 8
440212 524306 5
440212 19 8
440212 1048595 8
440212 524307 8
440212 131080 3
