263246 999437 7
263246 589830 20
263246 876581 3
263246 589830 5
263246 1073184 13
263246 24592 3
263246 24592 5
263246 876581 13
263246 24592 19
263246 98332 11
263246 221215 7
263246 1073184 19
263246 270368 19
263246 24592 20
263246 1073184 3
263246 270368 3
263246 589830 19
263246 401430 3
263246 401425 7
263246 942104 3
263246 1073184 5
263246 270368 5
263246 516122 5
263246 589830 3
263246 942104 5
263246 942104 19
263246 843808 7
263246 860182 7
263246 516122 3
263246 876581 5
263246 942104 20
263246 516122 19
