339437 90153 7
339437 1105976 9
339437 1105937 11
339437 909341 7
339437 98333 7
339437 40986 15
339437 884743 7
339437 786443 3
339437 704574 7
339437 630790 7
339437 40986 9
339437 40986 11
339437 770059 7
339437 655410 7
339437 221217 7
339437 49190 7
339437 557068 9
339437 335938 7
339437 155703 7
339437 991253 7
339437 860170 7
339437 548868 7
339437 933903 7
339437 819209 7
339437 688188 11
339437 688188 9
339437 90176 7
339437 368659 7
339437 933896 7
339437 311309 7
339437 761908 7
339437 1105937 9
