212770 452628 5
212770 671748 3
212770 315394 9
212770 1138752 15
212770 448555 7
212770 389157 7
212770 481286 3
212770 163903 7
212770 1142834 7
212770 1138752 11
212770 20512 15
212770 827412 9
212770 620613 9
212770 323644 7
212770 20512 9
212770 188463 9
212770 512014 7
212770 20512 11
212770 641078 7
212770 507965 7
212770 833538 7
212770 55368 9
212770 546845 3
212770 337943 3
212770 1001505 11
212770 452628 1
212770 346115 7
212770 331849 13
212770 452628 0
212770 1101873 7
212770 438301 7
212770 452628 3
