1086819 491552 3
1086819 229427 17
1086819 491552 5
1086819 491552 19
1086819 229427 19
1086819 589850 3
1086819 491552 8
1086819 458795 13
1086819 229427 3
1086819 163895 19
1086819 229427 5
1086819 851975 7
1086819 819227 9
1086819 1081368 13
1086819 622605 7
1086819 524340 15
1086819 1015831 7
1086819 819227 11
1086819 458795 3
1086819 753699 11
1086819 98314 11
1086819 458795 17
1086819 163895 13
1086819 524340 9
1086819 458795 5
1086819 98314 9
1086819 524340 11
1086819 819227 15
1086819 983064 3
1086819 753699 15
1086819 98314 15
1086819 983064 5
