1111250 996363 9
1111250 1063955 7
1111250 651795 7
1111250 726022 7
1111250 879619 3
1111250 996363 11
1111250 530444 7
1111250 879619 19
1111250 5143 7
1111250 633857 7
1111250 1146369 7
1111250 403989 19
1111250 909828 7
1111250 10243 7
1111250 1135117 9
1111250 403989 3
1111250 391700 7
1111250 723988 7
1111250 790025 11
1111250 818193 19
1111250 818193 5
1111250 403989 20
1111250 1163773 19
1111250 818193 3
1111250 796163 7
1111250 1163773 3
1111250 403989 5
1111250 364047 9
1111250 1163773 1
1111250 573452 7
1111250 100880 9
1111250 364047 11
