927897 131134 11
927897 720922 7
927897 720968 7
927897 229456 9
211018 622605 7
211018 491532 9
927897 983098 7
211018 1 9
927897 622599 7
927897 1081410 9
927897 131119 11
927897 1015840 7
211018 950282 7
211018 655368 9
927897 1081410 11
927897 131119 9
927897 91 7
927897 589917 7
927897 426002 7
927897 1146956 11
211018 655373 9
927897 229379 7
211018 950275 9
927897 229456 11
927897 211018 24
927897 1146956 9
927897 360540 7
211018 819205 7
927897 131134 9
927897 131164 7
927897 1114129 7
927897 1146910 7
