789081 524290 0
208069 1017875 13
208069 959527 19
789081 524290 19
208069 728623 11
789081 21 5
208069 879619 3
208069 1017875 19
208069 188463 9
208069 959527 3
208069 501797 7
208069 483374 3
208069 294454 9
208069 879619 19
208069 1017875 3
208069 391700 7
208069 483374 5
208069 483374 19
208069 319000 9
789081 21 0
208069 789081 24
789081 21 22
208069 1017875 0
789081 21 3
789081 21 17
208069 796675 11
789081 21 19
208069 1098764 7
208069 70156 7
208069 1017875 5
208069 84499 9
208069 148998 9
