918633 1087535 7
918633 509980 15
918633 165951 0
918633 483374 5
918633 163903 7
918633 419911 9
918633 165951 5
918633 509980 11
444542 23 5
918633 444542 24
918633 509980 9
444542 23 17
918633 483374 3
918633 796675 11
444542 1048576 3
918633 1107996 7
918633 188463 9
444542 23 19
918633 563202 3
918633 55368 9
918633 483374 19
444542 1048576 5
444542 23 3
918633 722985 7
444542 23 13
918633 661519 7
918633 165951 19
444542 23 8
918633 368671 7
918633 165951 17
918633 165951 3
918633 157752 7
