677631 376841 17
677631 376841 5
677631 376841 4
677631 376841 22
677631 983042 4
1003134 25 3
677631 983042 22
677631 376841 21
677631 983042 5
677631 376841 20
677631 983042 20
677631 155665 19
677631 983042 3
677631 983042 21
1003134 1048576 0
1003134 1048576 3
1003134 524288 3
677631 1003134 24
677631 155665 3
677631 155665 17
677631 983042 19
677631 950287 19
1003134 1048576 5
1003134 1048576 19
677631 983042 17
1003134 524290 3
677631 581646 19
677631 376841 3
677631 155665 5
1003134 1048576 22
677631 155665 4
677631 376841 19
