1016145 1130498 11
1016145 983040 7
987417 483374 5
987417 639015 13
987417 589853 1
987417 843785 3
1016145 29 7
987417 589853 3
987417 819236 19
987417 360449 13
987417 24628 3
987417 483374 19
1016145 839686 7
987417 589853 19
987417 819236 3
1016145 116745 9
987417 483374 3
987417 499768 3
987417 819236 1
1016145 737288 7
987417 335922 1
987417 360449 19
987417 1016145 24
987417 360449 1
987417 499768 19
987417 335922 3
987417 311332 13
987417 360449 3
1016145 1142788 7
987417 360449 20
987417 335922 19
1016145 1130498 9
