241695 203270 19
1025026 35 20
241695 296963 19
241695 563219 3
241695 999441 19
241695 584210 19
241695 676885 19
241695 563219 13
241695 66560 11
241695 999958 19
241695 203270 5
241695 1006594 19
241695 261635 9
241695 796675 11
241695 495119 7
1025026 35 0
241695 84499 9
1025026 35 19
241695 318981 11
241695 563219 19
1025026 229381 3
241695 742411 19
1025026 35 3
241695 1080854 9
1025026 229381 20
241695 364047 11
241695 740887 19
1025026 229381 4
241695 1025026 24
1025026 229381 5
241695 203270 3
241695 996363 11
