954492 786436 7
954492 655371 17
954492 655371 3
757500 917514 25
954492 131074 17
757500 37 9
954492 131074 19
757500 458755 7
954492 131074 3
954492 655365 9
757500 917514 10
954492 655371 5
757500 458755 2
954492 1048577 15
954492 786442 20
954492 12 9
757500 851975 7
954492 786442 5
954492 757500 24
954492 1048577 9
954492 524299 9
954492 786442 17
954492 1048577 11
954492 786442 19
757500 917514 18
757500 131076 9
954492 131074 8
954492 393220 9
954492 786442 3
954492 131074 20
954492 786439 9
954492 131074 5
