927897 131134 11
745444 172032 15
745444 43 11
927897 720922 7
927897 720968 7
745444 43 9
927897 229456 9
745444 43 6
927897 745444 24
927897 983098 7
927897 622599 7
927897 1081410 9
927897 131119 11
927897 1015840 7
927897 1081410 11
927897 131119 9
927897 91 7
927897 589917 7
927897 426002 7
927897 1146956 11
745444 172032 11
927897 229379 7
927897 229456 11
927897 360540 7
927897 1146956 9
745444 622592 9
927897 131134 9
927897 131164 7
745444 172032 9
745444 43 15
927897 1114129 7
927897 1146910 7
