280074 524292 3
981524 98314 15
280074 34 3
981524 557064 7
981524 1114112 15
280074 524294 3
280074 5 3
280074 131115 3
280074 262159 3
280074 524337 3
981524 98314 11
981524 48 7
280074 393247 3
280074 131103 3
280074 981524 24
280074 1048578 3
280074 131119 9
981524 622599 7
280074 262172 3
280074 786459 3
280074 1048617 3
981524 1015820 19
280074 786440 3
280074 131092 13
280074 57 3
280074 1048611 3
280074 24 3
280074 393254 3
280074 524311 3
280074 917541 3
981524 1114112 11
280074 655392 3
