1035455 595218 3
1028649 262146 3
1035455 1149594 9
1035455 796675 11
1035455 84499 9
1035455 245409 9
1028649 0 13
1035455 950174 9
1035455 801183 7
1028649 0 3
1035455 874773 9
1035455 322974 7
1035455 1017875 5
1035455 601887 9
1035455 977041 9
1028649 0 19
1035455 601887 11
1035455 391700 7
1035455 286477 9
1035455 52633 7
1028649 0 17
1035455 1017875 19
1035455 963464 7
1028649 0 5
1035455 1017875 0
1035455 950174 11
1028649 53 3
1035455 1017875 3
1035455 595218 19
1035455 1028649 24
1028649 0 8
1035455 717221 11
