834175 1138178 24
1138178 860182 7
834175 391700 7
834175 801837 7
834175 288262 3
1138178 1015831 7
834175 879619 3
1138178 737286 7
1138178 999437 7
834175 288262 19
1138178 851975 7
834175 879619 19
1138178 401425 7
1138178 876561 7
834175 818193 19
834175 483374 3
834175 123910 7
834175 1098764 7
834175 483374 19
834175 818193 3
834175 441872 11
834175 188463 9
834175 84499 9
834175 501797 7
834175 483374 5
834175 148998 9
1138178 59 7
834175 959516 9
834175 818193 5
834175 728100 9
834175 959516 11
834175 728100 11
