235109 237593 7
573257 876597 2
573257 57397 2
573257 155721 7
573257 483374 3
235109 69 7
573257 483374 19
235109 802828 7
573257 491603 11
573257 409667 7
573257 917545 6
573257 491603 9
573257 409688 7
573257 720940 2
573257 491622 9
235109 253969 7
573257 917545 9
573257 1048672 7
235109 270345 7
573257 409667 16
235109 892938 7
573257 458836 7
573257 893009 7
573257 876597 7
573257 483374 5
573257 57397 7
573257 245859 13
573257 49222 24
235109 966665 7
235109 335886 7
573257 235109 24
573257 458836 2
