113197 458753 19
1149805 568855 9
1149805 163903 7
113197 70 19
1149805 796675 11
1149805 156762 7
1149805 1081921 15
1149805 121344 9
1149805 356930 11
1149805 1081921 9
1149805 84499 9
1149805 148998 9
1149805 1081921 11
1149805 113197 24
1149805 616970 7
1149805 294454 11
113197 360456 3
113197 360456 0
1149805 391700 7
1149805 483374 3
1149805 294454 9
113197 70 0
1149805 971862 7
1149805 188463 9
113197 458753 0
1149805 451667 9
113197 458753 3
1149805 483374 5
1149805 483374 19
1149805 258612 7
1149805 1000535 3
113197 70 3
