927897 131134 11
429138 74 11
429138 358412 7
429138 74 9
927897 720922 7
927897 720968 7
927897 229456 9
429138 106504 9
429138 950282 7
429138 282625 7
429138 106504 11
927897 429138 24
927897 983098 7
927897 622599 7
927897 1081410 9
927897 131119 11
927897 1015840 7
927897 1081410 11
927897 131119 9
927897 91 7
927897 589917 7
429138 436232 7
927897 426002 7
927897 1146956 11
927897 229379 7
927897 229456 11
927897 360540 7
927897 1146956 9
927897 131164 7
927897 131134 9
927897 1114129 7
927897 1146910 7
