618136 1114127 7
618136 950282 7
573257 876597 2
573257 57397 2
573257 155721 7
618136 327718 9
618136 884741 7
573257 483374 3
573257 618136 24
618136 327718 11
573257 483374 19
573257 491603 11
573257 409667 7
573257 917545 6
573257 491603 9
573257 409688 7
573257 720940 2
618136 76 13
573257 491622 9
618136 163864 7
573257 917545 9
573257 1048672 7
573257 409667 16
618136 688142 7
573257 458836 7
573257 893009 7
573257 876597 7
573257 483374 5
573257 57397 7
573257 245859 13
573257 49222 24
573257 458836 2
