148442 111 7
279417 294973 7
279417 786493 7
279417 622642 15
148442 524291 9
279417 884807 7
279417 917561 2
279417 1114142 7
279417 98367 9
279417 148442 24
148442 524293 7
148442 524291 11
279417 1081403 3
279417 720953 7
279417 852039 11
279417 262205 2
279417 851972 2
148442 950277 11
148442 950277 9
279417 131116 2
148442 163843 7
279417 327768 11
279417 458806 2
279417 786443 3
279417 327768 9
279417 589885 9
279417 622642 9
148442 1114119 7
279417 80 7
279417 327768 15
279417 589885 11
279417 622642 11
