949521 131113 3
1013153 1048577 9
949521 753699 11
949521 1013153 24
949521 196613 5
1013153 12 9
1013153 1048577 11
949521 131113 19
949521 98314 15
949521 491552 8
1013153 1048577 15
949521 819227 15
949521 196613 3
949521 196613 17
949521 196613 19
1013153 126 9
949521 819227 11
1013153 786439 9
949521 491552 3
949521 327716 7
1013153 393220 9
949521 589850 3
949521 819227 9
949521 622605 7
949521 491552 19
949521 753699 15
949521 1081368 13
949521 98314 9
949521 196613 8
949521 491552 5
1013153 524299 9
949521 98314 11
