1158174 479254 20
1158174 1017875 19
1158174 563219 19
979016 262148 7
1158174 1017875 3
1158174 563219 3
1158174 75801 7
1158174 1017875 5
979016 393217 3
1158174 133159 7
1158174 483374 3
1158174 178223 9
979016 393217 19
1158174 483374 19
1158174 796675 11
1158174 178223 11
1158174 65582 7
1158174 249881 11
1158174 483374 5
1158174 249881 9
979016 655366 3
979016 130 7
1158174 563219 13
1158174 989235 9
1158174 753705 9
1158174 979016 24
979016 655366 13
1158174 483374 20
979016 655366 19
979016 393217 13
1158174 989235 11
1158174 940054 7
