915552 65538 9
264688 915552 24
264688 106499 3
264688 106499 0
264688 991772 7
264688 106499 19
264688 291358 11
264688 106499 17
264688 820251 9
915552 16 7
264688 106499 4
264688 106499 22
264688 126996 3
264688 106499 5
264688 617492 3
264688 2058 3
264688 106499 20
264688 106499 21
915552 819207 8
264688 2058 19
264688 116745 9
264688 391700 7
915552 819207 20
264688 931331 11
264688 796675 11
264688 363019 3
264688 363019 19
915552 819207 19
915552 819207 5
264688 84499 9
915552 819207 17
915552 819207 3
