305424 1169419 15
573257 876597 2
573257 57397 2
573257 155721 7
573257 483374 3
305424 292866 11
573257 483374 19
573257 491603 11
305424 116745 9
573257 409667 7
573257 917545 6
573257 491603 9
573257 409688 7
573257 720940 2
305424 356383 7
573257 491622 9
573257 917545 9
305424 397344 9
573257 1048672 7
573257 305424 24
305424 134 7
573257 409667 16
573257 458836 7
573257 893009 7
573257 876597 7
305424 1169419 11
573257 483374 5
573257 57397 7
573257 245859 13
573257 49222 24
573257 458836 2
305424 1169419 9
