954492 786436 7
954492 655371 17
954492 655371 3
954492 131074 17
684176 729091 7
684176 136 22
954492 131074 19
954492 684176 24
684176 136 21
684176 136 20
954492 131074 3
684176 136 19
684176 136 5
954492 655365 9
684176 136 4
954492 655371 5
684176 136 3
954492 1048577 15
954492 786442 20
954492 12 9
954492 786442 5
954492 1048577 9
954492 524299 9
954492 786442 17
954492 1048577 11
954492 786442 19
954492 393220 9
954492 131074 8
954492 786442 3
954492 131074 20
954492 786439 9
954492 131074 5
