661121 237603 7
661121 1089576 7
661121 57391 16
661121 1097767 9
661121 1064977 9
661121 737297 9
661121 581668 9
661121 851980 11
661121 57391 7
661121 1064977 11
661121 614426 7
789507 802817 19
661121 237587 11
661121 483374 5
661121 851980 9
661121 237587 9
789507 802817 3
789507 450562 3
661121 789507 24
661121 221197 19
661121 483374 19
789507 802817 1
789507 450562 1
661121 573442 2
789507 450562 19
661121 188463 9
661121 221197 3
661121 483374 3
789507 150 3
661121 122885 7
661121 573442 7
789507 802817 13
